1
3402346210
1666281856
377685595
1394815302
2757452920
417993715
1567166795
4223081435
4134599978
4024558384
315422898
4190741818
3745138330
1565959486
3015185386
3143025376
2978335037
54303292
1325495138
2620850556
4002295736
1520166169
3634233310
3054470354
3520486900
1073310454
2051531113
868862833
2300314119
1087714740
2325631509
3386303222
3526636398
1687650775
230798975
3026996910
205642304
496986133
1734193083
587717255
1770497812
3100013987
537818690
2305909911
1428243971
2807119308
1298571086
925307237
3362888170
2001620593
3897020448
3160664296
2921827598
3803958892
1727818774
3451246055
426073588
923339136
3729332634
1992842960
1152940450
1421729450
3670291515
3153749813
3242619
864181110
581122360
1351994172
1330070933
1268476463
3394391752
1543709766
2541720630
2881496880
1309773324
1382949919
4158085467
419183404
1277607942
2085409733
2028462607
1936913994
596598320
2271045834
616813156
3519192343
3469829243
428272962
3674912770
198826851
3209227978
3900653547
41014173
1028687259
524618359
3375488771
935936
82515296
58899159
3390605551
157536504
830444617
